Synthetic instrument-format fixture; OD times ten
Data Mode: Abs
Data Points
nm Abs
894.00	3.010299956639812
892.00	3.010299956639812
890.00	3.010299956639812
888.00	3.010299956639812
886.00	3.010299956639812
884.00	3.010299956639812
882.00	3.010299956639812
880.00	3.010299956639812
878.00	3.010299956639812
876.00	3.010299956639812
874.00	3.010299956639812
872.00	3.010299956639812
870.00	3.010299956639812
868.00	3.010299956639812
866.00	3.010299956639812
864.00	3.010299956639812
862.00	3.010299956639812
860.00	3.010299956639812
858.00	3.010299956639812
856.00	3.010299956639812
854.00	3.010299956639812
852.00	3.010299956639812
850.00	3.010299956639812
848.00	3.010299956639812
846.00	3.010299956639812
844.00	3.010299956639812
842.00	3.010299956639812
840.00	3.010299956639812
838.00	3.010299956639812
836.00	3.010299956639812
834.00	3.010299956639812
832.00	3.010299956639812
830.00	3.010299956639812
828.00	3.010299956639812
826.00	3.010299956639812
824.00	3.010299956639812
822.00	3.010299956639812
820.00	3.010299956639812
818.00	3.010299956639812
816.00	3.010299956639812
814.00	3.010299956639812
812.00	3.010299956639812
810.00	3.010299956639812
808.00	3.010299956639812
806.00	3.010299956639812
804.00	3.010299956639812
802.00	3.010299956639812
800.00	3.010299956639812
798.00	3.010299956639812
796.00	3.010299956639812
794.00	3.010299956639812
792.00	3.010299956639812
790.00	3.010299956639812
788.00	3.010299956639812
786.00	3.010299956639812
784.00	3.010299956639812
782.00	3.010299956639812
780.00	3.010299956639812
778.00	3.010299956639812
776.00	3.010299956639812
774.00	3.010299956639812
772.00	3.010299956639812
770.00	3.010299956639812
768.00	3.010299956639812
766.00	3.010299956639812
764.00	3.010299956639812
762.00	3.010299956639812
760.00	3.010299956639812
758.00	3.010299956639812
756.00	3.010299956639812
754.00	3.010299956639812
752.00	3.010299956639812
750.00	3.010299956639812
748.00	3.010299956639812
746.00	3.010299956639812
744.00	3.010299956639812
742.00	3.010299956639812
740.00	3.010299956639812
738.00	3.010299956639812
736.00	3.010299956639812
734.00	3.010299956639812
732.00	3.010299956639812
730.00	3.010299956639812
728.00	3.010299956639812
726.00	3.010299956639812
724.00	3.010299956639812
722.00	3.010299956639812
720.00	3.010299956639812
718.00	3.010299956639812
716.00	3.010299956639812
714.00	3.010299956639812
712.00	3.010299956639812
710.00	3.010299956639812
708.00	3.010299956639812
706.00	3.010299956639812
704.00	3.010299956639812
702.00	3.010299956639812
700.00	3.010299956639812
698.00	3.010299956639812
696.00	3.010299956639812
694.00	3.010299956639812
692.00	3.010299956639812
690.00	3.010299956639812
688.00	3.010299956639812
686.00	3.010299956639812
684.00	3.010299956639812
682.00	3.010299956639812
680.00	3.010299956639812
678.00	3.010299956639812
676.00	3.010299956639812
674.00	3.010299956639812
672.00	3.010299956639812
670.00	3.010299956639812
668.00	3.010299956639812
666.00	3.010299956639812
664.00	3.010299956639812
662.00	3.010299956639812
660.00	3.010299956639812
658.00	3.010299956639812
656.00	3.010299956639812
654.00	3.010299956639812
652.00	3.010299956639812
650.00	3.010299956639812
648.00	3.010299956639812
646.00	3.010299956639812
644.00	3.010299956639812
642.00	3.010299956639812
640.00	3.010299956639812
638.00	3.010299956639812
636.00	3.010299956639812
634.00	3.010299956639812
632.00	3.010299956639812
630.00	3.010299956639812
628.00	3.010299956639812
626.00	3.010299956639812
624.00	3.010299956639812
622.00	3.010299956639812
620.00	3.010299956639812
618.00	3.010299956639812
616.00	3.010299956639812
614.00	3.010299956639812
612.00	3.010299956639812
610.00	3.010299956639812
608.00	3.010299956639812
606.00	3.010299956639812
604.00	3.010299956639812
602.00	3.010299956639812
600.00	3.010299956639812
598.00	3.010299956639812
596.00	3.010299956639812
594.00	3.010299956639812
592.00	3.010299956639812
590.00	3.010299956639812
588.00	3.010299956639812
586.00	3.010299956639812
584.00	3.010299956639812
582.00	3.010299956639812
580.00	3.010299956639812
578.00	3.010299956639812
576.00	3.010299956639812
574.00	3.010299956639812
572.00	3.010299956639812
570.00	3.010299956639812
568.00	3.010299956639812
566.00	3.010299956639812
564.00	3.010299956639812
562.00	3.010299956639812
560.00	3.010299956639812
558.00	3.010299956639812
556.00	3.010299956639812
554.00	3.010299956639812
552.00	3.010299956639812
550.00	3.010299956639812
548.00	3.010299956639812
546.00	3.010299956639812
544.00	3.010299956639812
542.00	3.010299956639812
540.00	3.010299956639812
538.00	3.010299956639812
536.00	3.010299956639812
534.00	3.010299956639812
532.00	3.010299956639812
530.00	3.010299956639812
528.00	3.010299956639812
526.00	3.010299956639812
524.00	3.010299956639812
522.00	3.010299956639812
520.00	3.010299956639812
518.00	3.010299956639812
516.00	3.010299956639812
514.00	3.010299956639812
512.00	3.010299956639812
510.00	3.010299956639812
508.00	3.010299956639812
506.00	3.010299956639812
504.00	3.010299956639812
502.00	3.010299956639812
500.00	3.010299956639812
498.00	3.010299956639812
496.00	3.010299956639812
494.00	3.010299956639812
492.00	3.010299956639812
490.00	3.010299956639812
488.00	3.010299956639812
486.00	3.010299956639812
484.00	3.010299956639812
482.00	3.010299956639812
480.00	3.010299956639812
478.00	3.010299956639812
476.00	3.010299956639812
474.00	3.010299956639812
472.00	3.010299956639812
470.00	3.010299956639812
468.00	3.010299956639812
466.00	3.010299956639812
464.00	3.010299956639812
462.00	3.010299956639812
460.00	3.010299956639812
458.00	3.010299956639812
456.00	3.010299956639812
454.00	3.010299956639812
452.00	3.010299956639812
450.00	3.010299956639812
448.00	3.010299956639812
446.00	3.010299956639812
444.00	3.010299956639812
442.00	3.010299956639812
440.00	3.010299956639812
438.00	3.010299956639812
436.00	3.010299956639812
434.00	3.010299956639812
432.00	3.010299956639812
430.00	3.010299956639812
428.00	3.010299956639812
426.00	3.010299956639812
424.00	3.010299956639812
422.00	3.010299956639812
420.00	3.010299956639812
418.00	3.010299956639812
416.00	3.010299956639812
414.00	3.010299956639812
412.00	3.010299956639812
410.00	3.010299956639812
408.00	3.010299956639812
406.00	3.010299956639812
404.00	3.010299956639812
402.00	3.010299956639812
400.00	3.010299956639812
398.00	3.010299956639812
396.00	3.010299956639812
394.00	3.010299956639812
392.00	3.010299956639812
390.00	3.010299956639812
388.00	3.010299956639812
386.00	3.010299956639812
384.00	3.010299956639812
382.00	3.010299956639812
380.00	3.010299956639812
378.00	3.010299956639812
376.00	3.010299956639812
374.00	3.010299956639812
372.00	3.010299956639812
370.00	3.010299956639812
368.00	3.010299956639812
366.00	3.010299956639812
364.00	3.010299956639812
362.00	3.010299956639812
360.00	3.010299956639812
358.00	3.010299956639812
356.00	3.010299956639812
354.00	3.010299956639812
352.00	3.010299956639812
350.00	3.010299956639812
348.00	3.010299956639812
346.00	3.010299956639812
344.00	3.010299956639812
342.00	3.010299956639812
340.00	3.010299956639812
338.00	3.010299956639812
336.00	3.010299956639812
334.00	3.010299956639812
332.00	3.010299956639812
330.00	3.010299956639812
328.00	3.010299956639812
326.00	3.010299956639812
324.00	3.010299956639812
322.00	3.010299956639812
320.00	3.010299956639812
318.00	3.010299956639812
316.00	3.010299956639812
314.00	3.010299956639812
312.00	3.010299956639812
310.00	3.010299956639812
308.00	3.010299956639812
306.00	3.010299956639812
