Synthetic instrument-format fixture; constant 50% transmittance
Data Mode: %T
Sampling Interval: 2.00 nm
Peaks
Peak # Start(nm) Apex(nm)
1 894.0 816.0

Data Points
nm %T
894.00	50.000000
892.00	50.000000
890.00	50.000000
888.00	50.000000
886.00	50.000000
884.00	50.000000
882.00	50.000000
880.00	50.000000
878.00	50.000000
876.00	50.000000
874.00	50.000000
872.00	50.000000
870.00	50.000000
868.00	50.000000
866.00	50.000000
864.00	50.000000
862.00	50.000000
860.00	50.000000
858.00	50.000000
856.00	50.000000
854.00	50.000000
852.00	50.000000
850.00	50.000000
848.00	50.000000
846.00	50.000000
844.00	50.000000
842.00	50.000000
840.00	50.000000
838.00	50.000000
836.00	50.000000
834.00	50.000000
832.00	50.000000
830.00	50.000000
828.00	50.000000
826.00	50.000000
824.00	50.000000
822.00	50.000000
820.00	50.000000
818.00	50.000000
816.00	50.000000
814.00	50.000000
812.00	50.000000
810.00	50.000000
808.00	50.000000
806.00	50.000000
804.00	50.000000
802.00	50.000000
800.00	50.000000
798.00	50.000000
796.00	50.000000
794.00	50.000000
792.00	50.000000
790.00	50.000000
788.00	50.000000
786.00	50.000000
784.00	50.000000
782.00	50.000000
780.00	50.000000
778.00	50.000000
776.00	50.000000
774.00	50.000000
772.00	50.000000
770.00	50.000000
768.00	50.000000
766.00	50.000000
764.00	50.000000
762.00	50.000000
760.00	50.000000
758.00	50.000000
756.00	50.000000
754.00	50.000000
752.00	50.000000
750.00	50.000000
748.00	50.000000
746.00	50.000000
744.00	50.000000
742.00	50.000000
740.00	50.000000
738.00	50.000000
736.00	50.000000
734.00	50.000000
732.00	50.000000
730.00	50.000000
728.00	50.000000
726.00	50.000000
724.00	50.000000
722.00	50.000000
720.00	50.000000
718.00	50.000000
716.00	50.000000
714.00	50.000000
712.00	50.000000
710.00	50.000000
708.00	50.000000
706.00	50.000000
704.00	50.000000
702.00	50.000000
700.00	50.000000
698.00	50.000000
696.00	50.000000
694.00	50.000000
692.00	50.000000
690.00	50.000000
688.00	50.000000
686.00	50.000000
684.00	50.000000
682.00	50.000000
680.00	50.000000
678.00	50.000000
676.00	50.000000
674.00	50.000000
672.00	50.000000
670.00	50.000000
668.00	50.000000
666.00	50.000000
664.00	50.000000
662.00	50.000000
660.00	50.000000
658.00	50.000000
656.00	50.000000
654.00	50.000000
652.00	50.000000
650.00	50.000000
648.00	50.000000
646.00	50.000000
644.00	50.000000
642.00	50.000000
640.00	50.000000
638.00	50.000000
636.00	50.000000
634.00	50.000000
632.00	50.000000
630.00	50.000000
628.00	50.000000
626.00	50.000000
624.00	50.000000
622.00	50.000000
620.00	50.000000
618.00	50.000000
616.00	50.000000
614.00	50.000000
612.00	50.000000
610.00	50.000000
608.00	50.000000
606.00	50.000000
604.00	50.000000
602.00	50.000000
600.00	50.000000
598.00	50.000000
596.00	50.000000
594.00	50.000000
592.00	50.000000
590.00	50.000000
588.00	50.000000
586.00	50.000000
584.00	50.000000
582.00	50.000000
580.00	50.000000
578.00	50.000000
576.00	50.000000
574.00	50.000000
572.00	50.000000
570.00	50.000000
568.00	50.000000
566.00	50.000000
564.00	50.000000
562.00	50.000000
560.00	50.000000
558.00	50.000000
556.00	50.000000
554.00	50.000000
552.00	50.000000
550.00	50.000000
548.00	50.000000
546.00	50.000000
544.00	50.000000
542.00	50.000000
540.00	50.000000
538.00	50.000000
536.00	50.000000
534.00	50.000000
532.00	50.000000
530.00	50.000000
528.00	50.000000
526.00	50.000000
524.00	50.000000
522.00	50.000000
520.00	50.000000
518.00	50.000000
516.00	50.000000
514.00	50.000000
512.00	50.000000
510.00	50.000000
508.00	50.000000
506.00	50.000000
504.00	50.000000
502.00	50.000000
500.00	50.000000
498.00	50.000000
496.00	50.000000
494.00	50.000000
492.00	50.000000
490.00	50.000000
488.00	50.000000
486.00	50.000000
484.00	50.000000
482.00	50.000000
480.00	50.000000
478.00	50.000000
476.00	50.000000
474.00	50.000000
472.00	50.000000
470.00	50.000000
468.00	50.000000
466.00	50.000000
464.00	50.000000
462.00	50.000000
460.00	50.000000
458.00	50.000000
456.00	50.000000
454.00	50.000000
452.00	50.000000
450.00	50.000000
448.00	50.000000
446.00	50.000000
444.00	50.000000
442.00	50.000000
440.00	50.000000
438.00	50.000000
436.00	50.000000
434.00	50.000000
432.00	50.000000
430.00	50.000000
428.00	50.000000
426.00	50.000000
424.00	50.000000
422.00	50.000000
420.00	50.000000
418.00	50.000000
416.00	50.000000
414.00	50.000000
412.00	50.000000
410.00	50.000000
408.00	50.000000
406.00	50.000000
404.00	50.000000
402.00	50.000000
400.00	50.000000
398.00	50.000000
396.00	50.000000
394.00	50.000000
392.00	50.000000
390.00	50.000000
388.00	50.000000
386.00	50.000000
384.00	50.000000
382.00	50.000000
380.00	50.000000
378.00	50.000000
376.00	50.000000
374.00	50.000000
372.00	50.000000
370.00	50.000000
368.00	50.000000
366.00	50.000000
364.00	50.000000
362.00	50.000000
360.00	50.000000
358.00	50.000000
356.00	50.000000
354.00	50.000000
352.00	50.000000
350.00	50.000000
348.00	50.000000
346.00	50.000000
344.00	50.000000
342.00	50.000000
340.00	50.000000
338.00	50.000000
336.00	50.000000
334.00	50.000000
332.00	50.000000
330.00	50.000000
328.00	50.000000
326.00	50.000000
324.00	50.000000
322.00	50.000000
320.00	50.000000
318.00	50.000000
316.00	50.000000
314.00	50.000000
312.00	50.000000
310.00	50.000000
308.00	50.000000
306.00	50.000000
